   3.9985034e+03	
   4.0002337e+03	
   3.9984248e+03	
   4.0005826e+03	
   3.9987740e+03	
   4.0009309e+03	
   3.9991225e+03	
   4.0012786e+03	
   3.9994704e+03	
   4.0016256e+03	
   3.9998177e+03	
   4.0019719e+03	
   4.0001643e+03	
   4.0023176e+03	
   4.0005112e+03	
   4.0026627e+03	
   4.0008564e+03	
   4.0030071e+03	
   4.0012011e+03	
   4.0033509e+03	
   4.0015451e+03	
   4.0036940e+03	
   4.0018884e+03	
   4.0040365e+03	
   4.0022310e+03	
   4.0043783e+03	
   4.0025731e+03	
   4.0047194e+03	
   4.0029144e+03	
   4.0050599e+03	
   4.0032551e+03	
   4.0053998e+03	
   4.0035951e+03	
   4.0057390e+03	
   4.0039345e+03	
   4.0060775e+03	
   4.0042732e+03	
   4.0064153e+03	
   4.0046113e+03	
   4.0065533e+03	
   4.0049486e+03	
   4.0067256e+03	
   4.0052853e+03	
   4.0070618e+03	
   4.0056258e+03	
   4.0073973e+03	
   4.0059614e+03	
   4.0077323e+03	
   4.0062962e+03	
   4.0080665e+03	
   4.0066304e+03	
   4.0084001e+03	
   4.0069639e+03	
   4.0087330e+03	
   4.0072968e+03	
   4.0090653e+03	
   4.0076289e+03	
   4.0093969e+03	
   4.0079605e+03	
   4.0097279e+03	
   4.0082913e+03	
   4.0100581e+03	
   4.0086215e+03	
   4.0103878e+03	
   4.0089510e+03	
   4.0107167e+03	
   4.0092799e+03	
   4.0110450e+03	
   4.0096081e+03	
   4.0113726e+03	
   4.0099356e+03	
   4.0116996e+03	
   4.0102624e+03	
   4.0120258e+03	
   4.0105886e+03	
   4.0123512e+03	
   4.0109127e+03	
   4.0126660e+03	
   4.0112229e+03	
   4.0129775e+03	
   4.0115337e+03	
   4.0132881e+03	
   4.0118590e+03	
   4.0135988e+03	
   4.0121685e+03	
   4.0139081e+03	
   4.0124775e+03	
   4.0142168e+03	
   4.0127858e+03	
   4.0145250e+03	
   4.0130936e+03	
   4.0148325e+03	
   4.0134008e+03	
   4.0151395e+03	
   4.0137073e+03	
   4.0154458e+03	
   4.0140133e+03	
   4.0157516e+03	
   4.0143186e+03	
   4.0160568e+03	
   4.0146234e+03	
   4.0163614e+03	
   4.0149276e+03	
   4.0166654e+03	
   4.0152312e+03	
   4.0169688e+03	
   4.0155341e+03	
   4.0172716e+03	
   4.0158442e+03	
   4.0175737e+03	
   4.0161459e+03	
   4.0178752e+03	
   4.0164679e+03	
   4.0181786e+03	
   4.0167695e+03	
   4.0184797e+03	
   4.0170699e+03	
   4.0187797e+03	
   4.0173696e+03	
   4.0190791e+03	
   4.0176687e+03	
   4.0193778e+03	
   4.0179672e+03	
   4.0196760e+03	
   4.0182652e+03	
   4.0199736e+03	
   4.0185626e+03	
   4.0202706e+03	
   4.0188594e+03	
   4.0205670e+03	
   4.0191557e+03	
   4.0210668e+03	
   4.0194695e+03	
   4.0213609e+03	
   4.0197641e+03	
   4.0216526e+03	
   4.0200567e+03	
   4.0219427e+03	
   4.0203477e+03	
   4.0222325e+03	
   4.0206381e+03	
   4.0225237e+03	
   4.0209294e+03	
   4.0228143e+03	
   4.0212202e+03	
   4.0231047e+03	
   4.0215108e+03	
   4.0233948e+03	
   4.0218492e+03	
   4.0236846e+03	
   4.0221394e+03	
   4.0239740e+03	
   4.0224291e+03	
   4.0242631e+03	
   4.0227185e+03	
   4.0245519e+03	
   4.0230076e+03	
   4.0248403e+03	
   4.0232964e+03	
   4.0251285e+03	
   4.0235848e+03	
   4.0255975e+03	
   4.0238728e+03	
   4.0258851e+03	
   4.0241606e+03	
   4.0261723e+03	
   4.0244481e+03	
   4.0264592e+03	
   4.0247514e+03	
   4.0267459e+03	
   4.0250805e+03	
   4.0270365e+03	
   4.0253707e+03	
   4.0273237e+03	
   4.0256581e+03	
   4.0276093e+03	
   4.0259441e+03	
   4.0278947e+03	
   4.0262300e+03	
   4.0281798e+03	
   4.0265155e+03	
   4.0284646e+03	
   4.0268007e+03	
   4.0289746e+03	
   4.0270842e+03	
   4.0292589e+03	
   4.0273688e+03	
   4.0295428e+03	
   4.0276530e+03	
   4.0298264e+03	
   4.0279369e+03	
   4.0303580e+03	
   4.0282205e+03	
   4.0306410e+03	
   4.0285038e+03	
   4.0309237e+03	
   4.0287868e+03	
   4.0312061e+03	
   4.0290694e+03	
   4.0314882e+03	
   4.0293517e+03	
   4.0317699e+03	
   4.0296337e+03	
   4.0320513e+03	
   4.0299154e+03	
   4.0323325e+03	
   4.0301968e+03	
   4.0326132e+03	
   4.0304779e+03	
   4.0328937e+03	
   4.0307586e+03	
   4.0331739e+03	
   4.0310390e+03	
   4.0335780e+03	
   4.0313198e+03	
   4.0338577e+03	
   4.0316119e+03	
   4.0341375e+03	
   4.0318915e+03	
   4.0344166e+03	
   4.0321708e+03	
   4.0346955e+03	
   4.0324498e+03	
   4.0349740e+03	
   4.0327285e+03	
   4.0352522e+03	
   4.0330068e+03	
   4.0355301e+03	
   4.0332848e+03	
   4.0356411e+03	
   4.0335623e+03	
   4.0359184e+03	
   4.0338396e+03	
   4.0361954e+03	
   4.0341166e+03	
   4.0364720e+03	
   4.0343933e+03	
   4.0367483e+03	
   4.0346696e+03	
   4.0370243e+03	
   4.0349456e+03	
   4.0373000e+03	
   4.0352213e+03	
   4.0375753e+03	
   4.0354966e+03	
   4.0378503e+03	
   4.0358354e+03	
   4.0381249e+03	
   4.0361101e+03	
   4.0382559e+03	
   4.0363846e+03	
   4.0385298e+03	
   4.0366586e+03	
   4.0388033e+03	
   4.0369323e+03	
   4.0390766e+03	
   4.0372489e+03	
   4.0393508e+03	
   4.0375215e+03	
   4.0396247e+03	
   4.0378067e+03	
   4.0398961e+03	
   4.0380786e+03	
   4.0401678e+03	
   4.0383506e+03	
   4.0404393e+03	
   4.0386827e+03	
   4.0407155e+03	
   4.0389539e+03	
   4.0409864e+03	
   4.0392250e+03	
   4.0412569e+03	
   4.0394959e+03	
   4.0415271e+03	
   4.0397664e+03	
   4.0417970e+03	
   4.0400365e+03	
   4.0420665e+03	
   4.0403811e+03	
   4.0423360e+03	
   4.0406508e+03	
   4.0426049e+03	
   4.0409201e+03	
   4.0428735e+03	
   4.0411891e+03	
   4.0431418e+03	
   4.0414918e+03	
   4.0434112e+03	
   4.0417610e+03	
   4.0436794e+03	
   4.0420293e+03	
   4.0439469e+03	
   4.0422971e+03	
   4.0442140e+03	
   4.0425644e+03	
   4.0444806e+03	
   4.0428314e+03	
   4.0446285e+03	
   4.0430973e+03	
   4.0448943e+03	
   4.0433633e+03	
   4.0451596e+03	
   4.0436289e+03	
   4.0454246e+03	
   4.0438941e+03	
   4.0456893e+03	
   4.0441590e+03	
   4.0459536e+03	
   4.0444236e+03	
   4.0462176e+03	
   4.0447241e+03	
   4.0464818e+03	
   4.0449881e+03	
   4.0467452e+03	
   4.0452517e+03	
   4.0470081e+03	
   4.0455149e+03	
   4.0471110e+03	
   4.0457960e+03	
   4.0473733e+03	
   4.0460585e+03	
   4.0476354e+03	
   4.0463207e+03	
   4.0478973e+03	
   4.0466564e+03	
   4.0481545e+03	
   4.0469146e+03	
   4.0484130e+03	
   4.0471739e+03	
   4.0486722e+03	
   4.0474339e+03	
   4.0489319e+03	
   4.0477465e+03	
   4.0491901e+03	
   4.0480054e+03	
   4.0494494e+03	
   4.0482652e+03	
   4.0497087e+03	
   4.0485248e+03	
   4.0499676e+03	
   4.0487841e+03	
   4.0502263e+03	
   4.0490432e+03	
   4.0504846e+03	
   4.0493018e+03	
   4.0507426e+03	
   4.0495602e+03	
   4.0510002e+03	
   4.0498181e+03	
   4.0512575e+03	
   4.0500758e+03	
   4.0515144e+03	
   4.0503330e+03	
   4.0517710e+03	
   4.0505900e+03	
   4.0520272e+03	
   4.0508465e+03	
   4.0522830e+03	
   4.0512042e+03	
   4.0525392e+03	
   4.0514606e+03	
   4.0527947e+03	
   4.0517165e+03	
   4.0530498e+03	
   4.0519720e+03	
   4.0533044e+03	
   4.0522270e+03	
   4.0535586e+03	
   4.0524817e+03	
   4.0538124e+03	
   4.0527360e+03	
   4.0540658e+03	
   4.0529899e+03	
   4.0543189e+03	
   4.0532434e+03	
   4.0545716e+03	
   4.0534966e+03	
   4.0548239e+03	
   4.0537494e+03	
   4.0550758e+03	
   4.0540018e+03	
   4.0553274e+03	
   4.0542539e+03	
   4.0555787e+03	
   4.0545056e+03	
   4.0558295e+03	
   4.0547570e+03	
   4.0560800e+03	
   4.0550080e+03	
   4.0563302e+03	
   4.0553381e+03	
   4.0564859e+03	
   4.0555930e+03	
   4.0567396e+03	
   4.0558426e+03	
   4.0569887e+03	
   4.0560922e+03	
   4.0572375e+03	
   4.0563415e+03	
   4.0574859e+03	
   4.0565904e+03	
   4.0577340e+03	
   4.0569313e+03	
   4.0579180e+03	
   4.0571786e+03	
   4.0581647e+03	
   4.0574260e+03	
   4.0584114e+03	
   4.0578058e+03	
   4.0586533e+03	
   4.0580482e+03	
   4.0588984e+03	
   4.0583529e+03	
   4.0591393e+03	
   4.0585962e+03	
   4.0593848e+03	
   4.0588419e+03	
   4.0596295e+03	
   4.0590872e+03	
   4.0598740e+03	
   4.0593321e+03	
   4.0601179e+03	
   4.0595768e+03	
   4.0603617e+03	
   4.0598209e+03	
   4.0606049e+03	
   4.0601284e+03	
   4.0608490e+03	
   4.0603725e+03	
   4.0610919e+03	
   4.0607300e+03	
   4.0613374e+03	
   4.0611901e+03	
   4.0614643e+03	
   4.0614387e+03	
   4.0617095e+03	
   4.0616842e+03	
   4.0619532e+03	
   4.0619285e+03	
   4.0621958e+03	
   4.0621717e+03	
   4.0624375e+03	
   4.0624141e+03	
   4.0626784e+03	
   4.0626559e+03	
   4.0629188e+03	
   4.0628971e+03	
   4.0631586e+03	
   4.0631379e+03	
   4.0633980e+03	
   4.0633782e+03	
   4.0636369e+03	
   4.0636181e+03	
   4.0638754e+03	
   4.0638576e+03	
   4.0641135e+03	
   4.0640967e+03	
   4.0643513e+03	
   4.0643354e+03	
   4.0645885e+03	
   4.0646548e+03	
   4.0647557e+03	
   4.0648953e+03	
   4.0649939e+03	
   4.0651343e+03	
   4.0652311e+03	
   4.0653718e+03	
   4.0654671e+03	
   4.0656088e+03	
   4.0657027e+03	
   4.0657365e+03	
   4.0659437e+03	
   4.0659766e+03	
   4.0661632e+03	
   4.0662169e+03	
   4.0664008e+03	
   4.0664547e+03	
   4.0666352e+03	
   4.0664421e+03	
   4.0668704e+03	
   4.0666778e+03	
   4.0671042e+03	
   4.0670690e+03	
   4.0673372e+03	
   4.0673034e+03	
   4.0675697e+03	
   4.0675374e+03	
   4.0678017e+03	
   4.0678830e+03	
   4.0680333e+03	
   4.0681162e+03	
   4.0682646e+03	
   4.0683490e+03	
   4.0684954e+03	
   4.0683136e+03	
   4.0687252e+03	
   4.0685458e+03	
   4.0688256e+03	
   4.0688598e+03	
   4.0690600e+03	
   4.0690937e+03	
   4.0692912e+03	
   4.0693258e+03	
   4.0695211e+03	
   4.0695571e+03	
   4.0697502e+03	
   4.0697878e+03	
   4.0699788e+03	
   4.0700847e+03	
   4.0702064e+03	
   4.0703144e+03	
   4.0703142e+03	
   4.0705439e+03	
   4.0705417e+03	
   4.0707730e+03	
   4.0707341e+03	
   4.0709980e+03	
   4.0709588e+03	
   4.0712256e+03	
   4.0711849e+03	
   4.0714534e+03	
   4.0714108e+03	
   4.0716809e+03	
   4.0716364e+03	
   4.0719079e+03	
   4.0718615e+03	
   4.0721346e+03	
   4.0720863e+03	
   4.0723609e+03	
   4.0723107e+03	
   4.0725869e+03	
   4.0725347e+03	
   4.0728124e+03	
   4.0727583e+03	
   4.0730375e+03	
   4.0729816e+03	
   4.0732623e+03	
   4.0732044e+03	
   4.0734867e+03	
   4.0733380e+03	
   4.0737097e+03	
   4.0736017e+03	
   4.0739330e+03	
   4.0738235e+03	
   4.0741560e+03	
   4.0739670e+03	
   4.0743784e+03	
   4.0741890e+03	
   4.0746010e+03	
   4.0744102e+03	
   4.0750262e+03	
   4.0746588e+03	
   4.0752512e+03	
   4.0748796e+03	
   4.0754728e+03	
   4.0751001e+03	
   4.0756941e+03	
   4.0753202e+03	
   4.0759149e+03	
   4.0755399e+03	
   4.0761354e+03	
   4.0757592e+03	
   4.0763554e+03	
   4.0758801e+03	
   4.0765799e+03	
   4.0760288e+03	
   4.0767967e+03	
   4.0762488e+03	
   4.0770157e+03	
   4.0764351e+03	
   4.0772340e+03	
   4.0766527e+03	
   4.0771839e+03	
   4.0768703e+03	
   4.0775516e+03	
   4.0770872e+03	
   4.0777692e+03	
   4.0773038e+03	
   4.0779864e+03	
   4.0775199e+03	
   4.0782032e+03	
   4.0777356e+03	
   4.0784195e+03	
   4.0779509e+03	
   4.0786354e+03	
   4.0781657e+03	
   4.0788509e+03	
   4.0783642e+03	
   4.0790631e+03	
   4.0785786e+03	
   4.0792779e+03	
   4.0787926e+03	
   4.0794923e+03	
   4.0790061e+03	
   4.0797049e+03	
   4.0792176e+03	
   4.0799179e+03	
   4.0793717e+03	
   4.0801305e+03	
   4.0795781e+03	
   4.0803413e+03	
   4.0797943e+03	
   4.0805545e+03	
   4.0800055e+03	
   4.0807664e+03	
   4.0802163e+03	
   4.0809777e+03	
   4.0804276e+03	
   4.0811892e+03	
   4.0806374e+03	
   4.0815916e+03	
   4.0808471e+03	
   4.0819565e+03	
   4.0810544e+03	
   4.0821648e+03	
   4.0812625e+03	
   4.0823739e+03	
   4.0814706e+03	
   4.0825829e+03	
   4.0816784e+03	
   4.0827915e+03	
   4.0818858e+03	
   4.0829998e+03	
   4.0821308e+03	
   4.0832077e+03	
   4.0823376e+03	
   4.0834152e+03	
   4.0825440e+03	
   4.0835144e+03	
   4.0827498e+03	
   4.0837215e+03	
   4.0829553e+03	
   4.0839282e+03	
   4.0831605e+03	
   4.0841345e+03	
   4.0832870e+03	
   4.0843363e+03	
   4.0834904e+03	
   4.0845409e+03	
   4.0836942e+03	
   4.0847457e+03	
   4.0838979e+03	
   4.0849502e+03	
   4.0841012e+03	
   4.0851543e+03	
   4.0843041e+03	
   4.0855309e+03	
   4.0845067e+03	
   4.0857343e+03	
   4.0847089e+03	
   4.0859374e+03	
   4.0849106e+03	
   4.0861401e+03	
   4.0850611e+03	
   4.0861702e+03	
   4.0852613e+03	
   4.0865006e+03	
   4.0854748e+03	
   4.0866989e+03	
   4.0860146e+03	
   4.0868983e+03	
   4.0862531e+03	
   4.0870978e+03	
   4.0865122e+03	
   4.0873004e+03	
   4.0867128e+03	
   4.0873747e+03	
   4.0869123e+03	
   4.0875745e+03	
   4.0871111e+03	
   4.0877737e+03	
   4.0872786e+03	
   4.0877844e+03	
   4.0874751e+03	
   4.0879816e+03	
   4.0876724e+03	
   4.0879585e+03	
   4.0878863e+03	
   4.0881612e+03	
   4.0880853e+03	
   4.0883837e+03	
   4.0881988e+03	
   4.0885813e+03	
   4.0883958e+03	
   4.0887784e+03	
   4.0885923e+03	
   4.0889749e+03	
   4.0887699e+03	
   4.0890062e+03	
   4.0889656e+03	
   4.0894378e+03	
   4.0891612e+03	
   4.0896333e+03	
   4.0893559e+03	
   4.0898281e+03	
   4.0895500e+03	
   4.0900224e+03	
   4.0897437e+03	
   4.0902163e+03	
   4.0899930e+03	
   4.0904102e+03	
   4.0901373e+03	
   4.0907223e+03	
   4.0903317e+03	
   4.0909160e+03	
   4.0905246e+03	
   4.0911088e+03	
   4.0907167e+03	
   4.0913008e+03	
   4.0909082e+03	
   4.0914922e+03	
   4.0911840e+03	
   4.0916878e+03	
   4.0913748e+03	
   4.0918784e+03	
   4.0915651e+03	
   4.0922862e+03	
   4.0917550e+03	
   4.0922705e+03	
   4.0919923e+03	
   4.0924553e+03	
   4.0921813e+03	
   4.0926443e+03	
   4.0923699e+03	
   4.0928328e+03	
   4.0925619e+03	
   4.0930199e+03	
   4.0927492e+03	
   4.0932069e+03	
   4.0929189e+03	
   4.0933926e+03	
   4.0930577e+03	
   4.0935812e+03	
   4.0932351e+03	
   4.0937692e+03	
   4.0934226e+03	
   4.0939555e+03	
   4.0932383e+03	
   4.0941414e+03	
   4.0934253e+03	
   4.0943270e+03	
   4.0936120e+03	
   4.0947489e+03	
   4.0937976e+03	
   4.0949332e+03	
   4.0939828e+03	
   4.0951171e+03	
   4.0941676e+03	
   4.0953006e+03	
   4.0943519e+03	
   4.0954846e+03	
   4.0945363e+03	
   4.0956676e+03	
   4.0947202e+03	
   4.0958499e+03	
   4.0949037e+03	
   4.0960315e+03	
   4.0950864e+03	
   4.0962128e+03	
   4.0952710e+03	
   4.0962923e+03	
   4.0954282e+03	
   4.0964746e+03	
   4.0956889e+03	
   4.0966543e+03	
   4.0958697e+03	
   4.0968336e+03	
   4.0960501e+03	
   4.0970125e+03	
   4.0962302e+03	
   4.0971647e+03	
   4.0964117e+03	
   4.0973448e+03	
   4.0965926e+03	
   4.0975029e+03	
   4.0967409e+03	
   4.0976714e+03	
   4.0969087e+03	
   4.0978155e+03	
   4.0971270e+03	
   4.0979428e+03	
   4.0972586e+03	
   4.0981106e+03	
   4.0974248e+03	
   4.0982397e+03	
   4.0975583e+03	
   4.0980965e+03	
   4.0977155e+03	
   4.0982694e+03	
   4.0978889e+03	
   4.0984238e+03	
   4.0980424e+03	
   4.0985522e+03	
   4.0981809e+03	
   4.0987211e+03	
   4.0983516e+03	
   4.0988495e+03	
   4.0984773e+03	
   4.0989986e+03	
   4.0986140e+03	
   4.0991499e+03	
   4.0987799e+03	
   4.0992733e+03	
   4.0989060e+03	
   4.0994228e+03	
   4.0990399e+03	
   4.0995716e+03	
   4.0992077e+03	
   4.0997049e+03	
   4.0993409e+03	
   4.0998475e+03	
   4.0994677e+03	
   4.0999948e+03	
   4.0996347e+03	
   4.1001229e+03	
   4.0997620e+03	
   4.1002682e+03	
   4.0998922e+03	
   4.1004153e+03	
   4.1000577e+03	
   4.1005396e+03	
   4.1001821e+03	
   4.1006853e+03	
   4.1003107e+03	
   4.1008310e+03	
   4.1004578e+03	
   4.1009377e+03	
   4.1005831e+03	
   4.1010755e+03	
   4.1006863e+03	
   4.1012020e+03	
   4.1008416e+03	
   4.1013132e+03	
   4.1009473e+03	
   4.1014798e+03	
   4.1011690e+03	
   4.1016109e+03	
   4.1012917e+03	
   4.1017389e+03	
   4.1014040e+03	
   4.1018483e+03	
   4.1015258e+03	
   4.1019512e+03	
   4.1016291e+03	
   4.1020741e+03	
   4.1017287e+03	
   4.1021705e+03	
   4.1018428e+03	
   4.1022578e+03	
   4.1019369e+03	
   4.1023793e+03	
   4.1020335e+03	
   4.1024685e+03	
   4.1021425e+03	
   4.1024618e+03	
   4.1022548e+03	
   4.1025906e+03	
   4.1023837e+03	
   4.1026653e+03	
   4.1024953e+03	
   4.1027753e+03	
   4.1023984e+03	
   4.1028754e+03	
   4.1024694e+03	
   4.1029836e+03	
   4.1025844e+03	
   4.1030987e+03	
   4.1027090e+03	
   4.1031692e+03	
   4.1027869e+03	
   4.1032989e+03	
   4.1028675e+03	
   4.1033639e+03	
   4.1029565e+03	
   4.1034623e+03	
   4.1030529e+03	
   4.1035461e+03	
   4.1030950e+03	
   4.1036075e+03	
   4.1032043e+03	
   4.1036882e+03	
   4.1032491e+03	
   4.1037587e+03	
   4.1033443e+03	
   4.1038407e+03	
   4.1034052e+03	
   4.1038960e+03	
   4.1034859e+03	
   4.1038901e+03	
   4.1035853e+03	
   4.1039587e+03	
   4.1036913e+03	
   4.1040475e+03	
   4.1038159e+03	
   4.1041069e+03	
   4.1039153e+03	
   4.1041996e+03	
   4.1040290e+03	
   4.1042546e+03	
   4.1041170e+03	
   4.1043018e+03	
   4.1041513e+03	
   4.1043270e+03	
   4.1042388e+03	
   4.1045263e+03	
   4.1043429e+03	
   4.1045945e+03	
   4.1044273e+03	
   4.1046685e+03	
   4.1044841e+03	
   4.1047425e+03	
   4.1045702e+03	
   4.1047950e+03	
   4.1046270e+03	
   4.1048687e+03	
   4.1046860e+03	
   4.1049003e+03	
   4.1047263e+03	
   4.1049825e+03	
   4.1049580e+03	
   4.1050254e+03	
   4.1050167e+03	
   4.1049595e+03	
   4.1051081e+03	
   4.1050154e+03	
   4.1051607e+03	
   4.1050937e+03	
   4.1052359e+03	
   4.1051505e+03	
   4.1053007e+03	
   4.1052209e+03	
   4.1053591e+03	
   4.1052576e+03	
   4.1054047e+03	
   4.1053363e+03	
   4.1055359e+03	
   4.1053749e+03	
   4.1055943e+03	
   4.1054549e+03	
   4.1056507e+03	
   4.1054748e+03	
   4.1056805e+03	
   4.1055328e+03	
   4.1057417e+03	
   4.1055891e+03	
   4.1057965e+03	
   4.1056474e+03	
   4.1058692e+03	
   4.1056916e+03	
   4.1058931e+03	
   4.1057325e+03	
   4.1059580e+03	
   4.1057895e+03	
   4.1059995e+03	
   4.1058423e+03	
   4.1060570e+03	
   4.1061253e+03	
   4.1061098e+03	
   4.1061684e+03	
   4.1061586e+03	
   4.1060667e+03	
   4.1062132e+03	
   4.1061220e+03	
   4.1063823e+03	
   4.1061787e+03	
   4.1064551e+03	
   4.1062165e+03	
   4.1064966e+03	
   4.1062821e+03	
   4.1065493e+03	
   4.1063194e+03	
   4.1065972e+03	
   4.1063595e+03	
   4.1066141e+03	
   4.1064077e+03	
   4.1066777e+03	
   4.1064422e+03	
   4.1067175e+03	
   4.1064888e+03	
   4.1067614e+03	
   4.1065127e+03	
   4.1067901e+03	
   4.1065487e+03	
   4.1068347e+03	
   4.1065920e+03	
   4.1068696e+03	
   4.1066370e+03	
   4.1069153e+03	
   4.1066852e+03	
   4.1069714e+03	
   4.1067253e+03	
   4.1070006e+03	
   4.1067863e+03	
   4.1070465e+03	
   4.1068316e+03	
   4.1071062e+03	
   4.1068692e+03	
   4.1071390e+03	
   4.1069166e+03	
   4.1071812e+03	
   4.1069522e+03	
   4.1072199e+03	
   4.1069900e+03	
   4.1072463e+03	
   4.1070163e+03	
   4.1072633e+03	
   4.1070605e+03	
   4.1073359e+03	
   4.1070922e+03	
   4.1073458e+03	
   4.1071212e+03	
   4.1073721e+03	
   4.1071451e+03	
   4.1074178e+03	
   4.1071851e+03	
   4.1075362e+03	
   4.1072324e+03	
   4.1075789e+03	
   4.1072743e+03	
   4.1076056e+03	
   4.1072800e+03	
   4.1076419e+03	
   4.1073288e+03	
   4.1076752e+03	
   4.1073774e+03	
   4.1074518e+03	
   4.1074136e+03	
   4.1075139e+03	
   4.1074531e+03	
   4.1075415e+03	
   4.1074882e+03	
   4.1075666e+03	
   4.1075089e+03	
   4.1075994e+03	
   4.1075416e+03	
   4.1076340e+03	
   4.1075801e+03	
   4.1076652e+03	
   4.1075878e+03	
   4.1076994e+03	
   4.1076234e+03	
   4.1077303e+03	
   4.1076516e+03	
   4.1077772e+03	
   4.1076858e+03	
   4.1077917e+03	
   4.1077201e+03	
   4.1078327e+03	
   4.1077570e+03	
   4.1078645e+03	
   4.1077816e+03	
   4.1078883e+03	
   4.1078147e+03	
   4.1079057e+03	
   4.1078261e+03	
   4.1079335e+03	
   4.1078398e+03	
   4.1080294e+03	
   4.1078850e+03	
   4.1080551e+03	
   4.1079142e+03	
   4.1080822e+03	
   4.1079209e+03	
   4.1081115e+03	
   4.1079699e+03	
   4.1081328e+03	
   4.1079683e+03	
   4.1081459e+03	
   4.1080035e+03	
   4.1081897e+03	
   4.1080348e+03	
   4.1081986e+03	
   4.1080408e+03	
   4.1082116e+03	
   4.1080547e+03	
   4.1082474e+03	
   4.1080960e+03	
   4.1082768e+03	
   4.1081117e+03	
   4.1082740e+03	
   4.1081227e+03	
   4.1083144e+03	
   4.1081495e+03	
   4.1083147e+03	
   4.1081633e+03	
   4.1083348e+03	
   4.1081853e+03	
   4.1083657e+03	
   4.1082075e+03	
   4.1083908e+03	
   4.1083897e+03	
   4.1084033e+03	
   4.1084162e+03	
   4.1084354e+03	
   4.1083883e+03	
   4.1084668e+03	
   4.1084190e+03	
   4.1085017e+03	
   4.1084413e+03	
   4.1085090e+03	
   4.1084477e+03	
   4.1085142e+03	
   4.1084714e+03	
   4.1085438e+03	
   4.1084937e+03	
   4.1085690e+03	
   4.1085119e+03	
   4.1085795e+03	
   4.1085105e+03	
   4.1085738e+03	
   4.1085337e+03	
   4.1086063e+03	
   4.1085652e+03	
   4.1086379e+03	
   4.1085885e+03	
   4.1086407e+03	
   4.1085870e+03	
   4.1086458e+03	
   4.1085963e+03	
   4.1083708e+03	
   4.1086222e+03	
   4.1083752e+03	
   4.1086628e+03	
   4.1084187e+03	
   4.1086847e+03	
   4.1084413e+03	
   4.1086906e+03	
   4.1084487e+03	
   4.1087166e+03	
   4.1084715e+03	
   4.1086198e+03	
   4.1084918e+03	
   4.1086332e+03	
   4.1084996e+03	
   4.1086399e+03	
   4.1085111e+03	
   4.1086584e+03	
   4.1085198e+03	
   4.1086817e+03	
   4.1085550e+03	
   4.1086903e+03	
   4.1085491e+03	
   4.1086894e+03	
   4.1085566e+03	
   4.1087145e+03	
   4.1085788e+03	
   4.1087316e+03	
   4.1086009e+03	
   4.1087458e+03	
   4.1086089e+03	
   4.1087616e+03	
   4.1084301e+03	
   4.1087650e+03	
   4.1084467e+03	
   4.1087984e+03	
   4.1084749e+03	
   4.1088236e+03	
   4.1084894e+03	
   4.1088290e+03	
   4.1084933e+03	
   4.1088331e+03	
   4.1085118e+03	
   4.1088584e+03	
   4.1085365e+03	
   4.1088929e+03	
   4.1085509e+03	
   4.1088843e+03	
   4.1084212e+03	
   4.1088865e+03	
   4.1084410e+03	
   4.1089214e+03	
   4.1084585e+03	
   4.1089475e+03	
   4.1084760e+03	
   4.1089517e+03	
   4.1084903e+03	
   4.1090118e+03	
   4.1085191e+03	
   4.1090521e+03	
   4.1085333e+03	
   4.1090573e+03	
   4.1085457e+03	
   4.1090484e+03	
   4.1085494e+03	
   4.1090699e+03	
   4.1085684e+03	
   4.1090924e+03	
   4.1087185e+03	
   4.1090922e+03	
   4.1087437e+03	
   4.1091216e+03	
   4.1087574e+03	
   4.1091226e+03	
   4.1087579e+03	
   4.1091336e+03	
   4.1087841e+03	
   4.1091399e+03	
   4.1087692e+03	
   4.1091631e+03	
   4.1088061e+03	
   4.1091742e+03	
   4.1088170e+03	
   4.1091746e+03	
   4.1088140e+03	
   4.1091857e+03	
   4.1088315e+03	
   4.1092039e+03	
   4.1088418e+03	
   4.1092059e+03	
   4.1088383e+03	
   4.1091958e+03	
   4.1088476e+03	
   4.1092291e+03	
   4.1088617e+03	
   4.1091414e+03	
   4.1088803e+03	
   4.1091456e+03	
   4.1088881e+03	
   4.1091484e+03	
   4.1088945e+03	
   4.1091840e+03	
   4.1089228e+03	
   4.1091996e+03	
   4.1089417e+03	
   4.1092230e+03	
   4.1089516e+03	
   4.1092158e+03	
   4.1089513e+03	
   4.1092277e+03	
   4.1089627e+03	
   4.1092616e+03	
   4.1089824e+03	
   4.1092564e+03	
   4.1089823e+03	
   4.1092489e+03	
   4.1089801e+03	
   4.1092606e+03	
   4.1089936e+03	
   4.1092700e+03	
   4.1089967e+03	
   4.1092798e+03	
   4.1090120e+03	
   4.1092948e+03	
   4.1090185e+03	
   4.1092945e+03	
   4.1090280e+03	
   4.1093093e+03	
   4.1090247e+03	
   4.1093051e+03	
   4.1090407e+03	
   4.1093078e+03	
   4.1090321e+03	
   4.1093125e+03	
   4.1090327e+03	
   4.1093129e+03	
   4.1090508e+03	
   4.1093307e+03	
   4.1090573e+03	
   4.1093338e+03	
   4.1089375e+03	
   4.1093393e+03	
   4.1089295e+03	
   4.1093512e+03	
   4.1089650e+03	
   4.1093654e+03	
   4.1089810e+03	
   4.1093831e+03	
   4.1089750e+03	
   4.1093745e+03	
   4.1089766e+03	
   4.1094023e+03	
   4.1090120e+03	
   4.1094081e+03	
   4.1090103e+03	
   4.1094041e+03	
   4.1090171e+03	
   4.1094048e+03	
   4.1090000e+03	
   4.1094139e+03	
   4.1090157e+03	
   4.1094196e+03	
   4.1090384e+03	
   4.1094318e+03	
   4.1090349e+03	
   4.1094288e+03	
   4.1090274e+03	
   4.1094328e+03	
   4.1089549e+03	
   4.1094486e+03	
   4.1089734e+03	
   4.1094600e+03	
   4.1089973e+03	
   4.1094875e+03	
   4.1090044e+03	
   4.1095005e+03	
   4.1090361e+03	
   4.1095196e+03	
   4.1090563e+03	
   4.1096711e+03	
   4.1090551e+03	
   4.1096635e+03	
   4.1090559e+03	
   4.1096837e+03	
   4.1090150e+03	
   4.1096945e+03	
   4.1090148e+03	
   4.1097060e+03	
   4.1090456e+03	
   4.1097279e+03	
   4.1090939e+03	
   4.1097372e+03	
   4.1091210e+03	
   4.1097556e+03	
   4.1091281e+03	
   4.1097514e+03	
   4.1091360e+03	
   4.1097585e+03	
   4.1091348e+03	
   4.1097718e+03	
   4.1091491e+03	
   4.1097747e+03	
   4.1091602e+03	
   4.1097825e+03	
   4.1091547e+03	
   4.1097785e+03	
   4.1091593e+03	
   4.1096754e+03	
   4.1091665e+03	
   4.1096677e+03	
   4.1091666e+03	
   4.1096815e+03	
   4.1091717e+03	
   4.1096891e+03	
   4.1091826e+03	
   4.1097096e+03	
   4.1091984e+03	
   4.1097184e+03	
   4.1092026e+03	
   4.1097142e+03	
   4.1091921e+03	
   4.1097187e+03	
   4.1092861e+03	
   4.1097420e+03	
   4.1092966e+03	
   4.1097433e+03	
   4.1092840e+03	
   4.1097238e+03	
   4.1092849e+03	
   4.1097401e+03	
   4.1092972e+03	
   4.1097517e+03	
   4.1093239e+03	
   4.1097613e+03	
   4.1093223e+03	
   4.1097612e+03	
   4.1092998e+03	
   4.1097552e+03	
   4.1093084e+03	
   4.1097595e+03	
   4.1093211e+03	
   4.1097551e+03	
   4.1094265e+03	
   4.1097696e+03	
   4.1095208e+03	
   4.1097829e+03	
   4.1095142e+03	
   4.1097874e+03	
   4.1095419e+03	
   4.1098153e+03	
   4.1095633e+03	
   4.1098222e+03	
   4.1095721e+03	
   4.1099129e+03	
   4.1095682e+03	
   4.1099100e+03	
   4.1095849e+03	
   4.1099351e+03	
   4.1094201e+03	
   4.1099526e+03	
   4.1094423e+03	
   4.1099668e+03	
   4.1094430e+03	
   4.1099734e+03	
   4.1094593e+03	
   4.1099814e+03	
   4.1094639e+03	
   4.1099839e+03	
   4.1094730e+03	
   4.1099739e+03	
   4.1094442e+03	
   4.1099811e+03	
   4.1094650e+03	
   4.1099934e+03	
   4.1094445e+03	
   4.1099893e+03	
   4.1094480e+03	
   4.1099929e+03	
   4.1094533e+03	
   4.1099909e+03	
   4.1094471e+03	
   4.1100150e+03	
   4.1094147e+03	
   4.1100312e+03	
   4.1094204e+03	
   4.1100718e+03	
   4.1094399e+03	
   4.1100627e+03	
   4.1094346e+03	
   4.1100700e+03	
   4.1094386e+03	
   4.1100934e+03	
   4.1094588e+03	
   4.1100825e+03	
   4.1094789e+03	
   4.1100993e+03	
   4.1094932e+03	
   4.1101204e+03	
   4.1095083e+03	
   4.1101309e+03	
   4.1095170e+03	
   4.1101224e+03	
   4.1095130e+03	
   4.1101398e+03	
   4.1095242e+03	
   4.1101571e+03	
   4.1095460e+03	
   4.1101606e+03	
   4.1095158e+03	
   4.1101413e+03	
   4.1095159e+03	
   4.1101340e+03	
   4.1095191e+03	
   4.1101489e+03	
   4.1095397e+03	
   4.1101670e+03	
   4.1095402e+03	
   4.1101532e+03	
   4.1095137e+03	
   4.1101212e+03	
   4.1095011e+03	
   4.1101294e+03	
   4.1095128e+03	
   4.1100797e+03	
   4.1095114e+03	
   4.1100866e+03	
   4.1095275e+03	
   4.1100909e+03	
   4.1095205e+03	
   4.1100629e+03	
   4.1094955e+03	
   4.1100626e+03	
   4.1095045e+03	
   4.1100737e+03	
   4.1095031e+03	
   4.1100588e+03	
   4.1095219e+03	
   4.1100712e+03	
   4.1095332e+03	
   4.1100773e+03	
   4.1095354e+03	
   4.1100825e+03	
   4.1095336e+03	
   4.1100828e+03	
   4.1095406e+03	
   4.1100961e+03	
   4.1095385e+03	
   4.1100930e+03	
   4.1095390e+03	
   4.1100954e+03	
   4.1095448e+03	
   4.1100942e+03	
   4.1095398e+03	
   4.1100829e+03	
   4.1095170e+03	
   4.1100660e+03	
   4.1095096e+03	
   4.1100584e+03	
   4.1095067e+03	
   4.1099512e+03	
   4.1095178e+03	
   4.1099522e+03	
   4.1095215e+03	
   4.1098575e+03	
   4.1095393e+03	
   4.1098689e+03	
   4.1095509e+03	
   4.1098750e+03	
   4.1095601e+03	
   4.1098865e+03	
   4.1095805e+03	
   4.1099050e+03	
   4.1095817e+03	
   4.1099169e+03	
   4.1095937e+03	
   4.1099328e+03	
   4.1096146e+03	
   4.1098891e+03	
   4.1096379e+03	
   4.1099021e+03	
   4.1096443e+03	
   4.1099082e+03	
   4.1096520e+03	
   4.1099274e+03	
   4.1096455e+03	
   4.1099131e+03	
   4.1096241e+03	
   4.1098983e+03	
   4.1096183e+03	
   4.1102310e+03	
   4.1096455e+03	
   4.1102404e+03	
   4.1096432e+03	
   4.1102422e+03	
   4.1096344e+03	
   4.1102415e+03	
   4.1096433e+03	
   4.1102005e+03	
   4.1096451e+03	
   4.1101911e+03	
   4.1096369e+03	
   4.1101887e+03	
   4.1096497e+03	
   4.1102021e+03	
   4.1096473e+03	
   4.1101970e+03	
   4.1096360e+03	
   4.1101919e+03	
   4.1096340e+03	
   4.1101870e+03	
   4.1096373e+03	
   4.1101757e+03	
   4.1096202e+03	
   4.1101699e+03	
   4.1096157e+03	
   4.1101711e+03	
   4.1096021e+03	
   4.1101603e+03	
   4.1096012e+03	
   4.1101469e+03	
   4.1095878e+03	
   4.1101454e+03	
   4.1095974e+03	
   4.1101424e+03	
   4.1097412e+03	
   4.1101440e+03	
   4.1097400e+03	
   4.1101387e+03	
   4.1097472e+03	
   4.1101476e+03	
   4.1097494e+03	
   4.1101551e+03	
   4.1097534e+03	
   4.1101522e+03	
   4.1097577e+03	
   4.1101474e+03	
   4.1097390e+03	
   4.1101326e+03	
   4.1097250e+03	
   4.1101113e+03	
   4.1097305e+03	
   4.1101299e+03	
   4.1097338e+03	
   4.1101396e+03	
   4.1097410e+03	
   4.1101422e+03	
   4.1097403e+03	
   4.1101250e+03	
   4.1097186e+03	
   4.1101122e+03	
   4.1097127e+03	
   4.1101028e+03	
   4.1098332e+03	
   4.1101100e+03	
   4.1098513e+03	
   4.1101233e+03	
   4.1098531e+03	
   4.1101266e+03	
   4.1098521e+03	
   4.1101245e+03	
   4.1098508e+03	
   4.1101150e+03	
   4.1098402e+03	
   4.1101005e+03	
   4.1098292e+03	
   4.1100928e+03	
   4.1098348e+03	
   4.1100958e+03	
   4.1098234e+03	
   4.1101044e+03	
   4.1098334e+03	
   4.1100957e+03	
   4.1098221e+03	
   4.1100765e+03	
   4.1098089e+03	
   4.1100790e+03	
   4.1098130e+03	
   4.1101229e+03	
   4.1097964e+03	
   4.1101162e+03	
   4.1098016e+03	
   4.1101231e+03	
   4.1098049e+03	
   4.1101263e+03	
   4.1098145e+03	
   4.1101345e+03	
   4.1098197e+03	
   4.1101374e+03	
   4.1098090e+03	
   4.1101165e+03	
   4.1097860e+03	
   4.1101107e+03	
   4.1097910e+03	
   4.1101101e+03	
   4.1097860e+03	
   4.1101118e+03	
   4.1097922e+03	
   4.1101044e+03	
   4.1097804e+03	
   4.1101052e+03	
   4.1097733e+03	
   4.1100943e+03	
   4.1097692e+03	
   4.1100786e+03	
   4.1097571e+03	
   4.1100642e+03	
   4.1097423e+03	
   4.1100586e+03	
   4.1097346e+03	
   4.1100554e+03	
   4.1097256e+03	
   4.1100592e+03	
   4.1097434e+03	
   4.1100630e+03	
   4.1097367e+03	
   4.1100453e+03	
   4.1097157e+03	
   4.1100263e+03	
   4.1097117e+03	
   4.1100435e+03	
   4.1097196e+03	
   4.1100324e+03	
   4.1097116e+03	
   4.1100352e+03	
   4.1097101e+03	
   4.1100214e+03	
   4.1096939e+03	
   4.1100078e+03	
   4.1096892e+03	
   4.1100111e+03	
   4.1096847e+03	
   4.1100163e+03	
   4.1096945e+03	
   4.1100022e+03	
   4.1096776e+03	
   4.1099814e+03	
   4.1096633e+03	
   4.1099911e+03	
   4.1096641e+03	
   4.1099868e+03	
   4.1096600e+03	
   4.1099750e+03	
   4.1096582e+03	
   4.1099787e+03	
   4.1096491e+03	
   4.1099669e+03	
   4.1096423e+03	
   4.1099621e+03	
   4.1096428e+03	
   4.1099636e+03	
   4.1096364e+03	
   4.1099536e+03	
   4.1096252e+03	
   4.1099556e+03	
   4.1096407e+03	
   4.1099565e+03	
   4.1096187e+03	
   4.1099360e+03	
   4.1096171e+03	
   4.1099329e+03	
   4.1096121e+03	
   4.1099423e+03	
   4.1096063e+03	
   4.1099212e+03	
   4.1095983e+03	
   4.1099240e+03	
   4.1096011e+03	
   4.1099166e+03	
   4.1095873e+03	
   4.1099035e+03	
   4.1095733e+03	
   4.1098898e+03	
   4.1095590e+03	
   4.1098785e+03	
   4.1095588e+03	
   4.1098892e+03	
   4.1095656e+03	
   4.1099005e+03	
   4.1095766e+03	
   4.1098843e+03	
   4.1095601e+03	
   4.1098730e+03	
   4.1095441e+03	
   4.1098591e+03	
   4.1095281e+03	
   4.1098508e+03	
   4.1095244e+03	
   4.1098466e+03	
   4.1095171e+03	
   4.1098476e+03	
   4.1095389e+03	
   4.1098600e+03	
   4.1095374e+03	
   4.1098481e+03	
   4.1095215e+03	
   4.1098418e+03	
   4.1095440e+03	
   4.1098200e+03	
   4.1095234e+03	
   4.1098133e+03	
   4.1095272e+03	
   4.1098149e+03	
   4.1095169e+03	
   4.1098071e+03	
   4.1095245e+03	
   4.1098110e+03	
   4.1095330e+03	
   4.1098162e+03	
   4.1095201e+03	
   4.1097962e+03	
   4.1094993e+03	
   4.1097768e+03	
   4.1094892e+03	
   4.1097762e+03	
   4.1094852e+03	
   4.1097715e+03	
   4.1094848e+03	
   4.1097654e+03	
   4.1094816e+03	
   4.1097684e+03	
   4.1094805e+03	
   4.1097756e+03	
   4.1094849e+03	
   4.1097585e+03	
   4.1094728e+03	
   4.1097433e+03	
   4.1094540e+03	
   4.1097380e+03	
   4.1096685e+03	
   4.1097251e+03	
   4.1096580e+03	
   4.1097038e+03	
   4.1096580e+03	
   4.1097191e+03	
   4.1096606e+03	
   4.1097115e+03	
   4.1096506e+03	
   4.1097087e+03	
   4.1096535e+03	
   4.1097034e+03	
   4.1096283e+03	
   4.1096790e+03	
   4.1096230e+03	
   4.1096785e+03	
   4.1096288e+03	
   4.1096829e+03	
   4.1096232e+03	
   4.1096803e+03	
   4.1096222e+03	
   4.1096624e+03	
   4.1095984e+03	
   4.1096527e+03	
   4.1096058e+03	
   4.1096562e+03	
   4.1095885e+03	
   4.1096396e+03	
   4.1096997e+03	
   4.1096386e+03	
   4.1097045e+03	
   4.1096320e+03	
   4.1096869e+03	
   4.1096204e+03	
   4.1096795e+03	
   4.1095732e+03	
   4.1096843e+03	
   4.1095835e+03	
   4.1096977e+03	
   4.1095962e+03	
   4.1096929e+03	
   4.1096510e+03	
   4.1096968e+03	
   4.1096556e+03	
   4.1096922e+03	
   4.1096566e+03	
   4.1096967e+03	
   4.1096631e+03	
   4.1096978e+03	
   4.1096618e+03	
   4.1097035e+03	
   4.1096649e+03	
   4.1097016e+03	
   4.1096636e+03	
   4.1097000e+03	
   4.1096588e+03	
   4.1096823e+03	
   4.1096366e+03	
   4.1096631e+03	
   4.1096302e+03	
   4.1096661e+03	
   4.1096307e+03	
   4.1096530e+03	
   4.1096182e+03	
   4.1096576e+03	
   4.1096269e+03	
   4.1096638e+03	
   4.1096297e+03	
   4.1096454e+03	
   4.1095961e+03	
   4.1096201e+03	
   4.1095807e+03	
   4.1096052e+03	
   4.1095729e+03	
   4.1096040e+03	
   4.1095684e+03	
   4.1096076e+03	
   4.1095763e+03	
   4.1096050e+03	
   4.1095673e+03	
   4.1095977e+03	
   4.1095537e+03	
   4.1095711e+03	
   4.1095334e+03	
   4.1095579e+03	
   4.1095274e+03	
   4.1095556e+03	
   4.1095218e+03	
   4.1095502e+03	
   4.1095121e+03	
   4.1095505e+03	
   4.1095126e+03	
   4.1095386e+03	
   4.1095001e+03	
   4.1095190e+03	
   4.1094850e+03	
   4.1095173e+03	
   4.1094670e+03	
   4.1094964e+03	
   4.1094651e+03	
   4.1094973e+03	
   4.1094623e+03	
   4.1094930e+03	
   4.1093819e+03	
   4.1094876e+03	
   4.1093749e+03	
   4.1094729e+03	
   4.1093635e+03	
   4.1094655e+03	
   4.1093462e+03	
   4.1094486e+03	
   4.1093508e+03	
   4.1094479e+03	
   4.1093299e+03	
   4.1094357e+03	
   4.1093251e+03	
   4.1094245e+03	
   4.1093270e+03	
   4.1094280e+03	
   4.1093187e+03	
   4.1094258e+03	
   4.1093135e+03	
   4.1094229e+03	
   4.1093044e+03	
   4.1094032e+03	
   4.1092963e+03	
   4.1093998e+03	
   4.1092874e+03	
   4.1093936e+03	
   4.1092929e+03	
   4.1093877e+03	
   4.1092816e+03	
   4.1093807e+03	
   4.1092704e+03	
   4.1093605e+03	
   4.1092543e+03	
   4.1093592e+03	
   4.1092409e+03	
   4.1093470e+03	
   4.1092313e+03	
   4.1093344e+03	
   4.1092275e+03	
   4.1093309e+03	
   4.1092687e+03	
   4.1095451e+03	
   4.1093387e+03	
   4.1095434e+03	
   4.1093442e+03	
   4.1095510e+03	
   4.1093446e+03	
   4.1095475e+03	
   4.1093498e+03	
   4.1095563e+03	
   4.1093527e+03	
   4.1095548e+03	
   4.1093387e+03	
   4.1095346e+03	
   4.1093283e+03	
   4.1095277e+03	
   4.1093133e+03	
   4.1095155e+03	
   4.1093056e+03	
   4.1095157e+03	
   4.1093088e+03	
   4.1095075e+03	
   4.1093052e+03	
   4.1095036e+03	
   4.1092907e+03	
   4.1096100e+03	
   4.1092789e+03	
   4.1095928e+03	
   4.1092622e+03	
   4.1095773e+03	
   4.1092459e+03	
   4.1095709e+03	
   4.1092445e+03	
   4.1095429e+03	
   4.1092448e+03	
   4.1095381e+03	
   4.1092392e+03	
   4.1095410e+03	
   4.1092370e+03	
   4.1095336e+03	
   4.1092265e+03	
   4.1095190e+03	
   4.1092075e+03	
   4.1094935e+03	
   4.1091862e+03	
   4.1094789e+03	
   4.1091768e+03	
   4.1095145e+03	
   4.1091809e+03	
   4.1095174e+03	
   4.1091742e+03	
   4.1095086e+03	
   4.1091707e+03	
   4.1095181e+03	
   4.1091704e+03	
   4.1095089e+03	
   4.1091681e+03	
   4.1095028e+03	
   4.1091601e+03	
   4.1095064e+03	
   4.1089348e+03	
   4.1095198e+03	
   4.1089408e+03	
   4.1095176e+03	
   4.1089385e+03	
   4.1095207e+03	
   4.1089500e+03	
   4.1095240e+03	
   4.1088959e+03	
   4.1095418e+03	
   4.1089172e+03	
   4.1095649e+03	
   4.1089339e+03	
   4.1095742e+03	
   4.1089330e+03	
   4.1095761e+03	
   4.1089525e+03	
   4.1095778e+03	
   4.1089569e+03	
   4.1095882e+03	
   4.1089522e+03	
   4.1095802e+03	
   4.1089475e+03	
   4.1095719e+03	
   4.1089443e+03	
   4.1095686e+03	
   4.1089398e+03	
   4.1095818e+03	
   4.1089367e+03	
   4.1093507e+03	
   4.1089321e+03	
   4.1093445e+03	
   4.1089275e+03	
   4.1093379e+03	
   4.1089147e+03	
   4.1093263e+03	
   4.1089115e+03	
   4.1093225e+03	
   4.1088922e+03	
   4.1093049e+03	
   4.1088747e+03	
   4.1092982e+03	
   4.1088710e+03	
   4.1092875e+03	
   4.1088608e+03	
   4.1092793e+03	
   4.1088557e+03	
   4.1092756e+03	
   4.1088584e+03	
   4.1092740e+03	
   4.1088646e+03	
   4.1092771e+03	
   4.1088359e+03	
   4.1092527e+03	
   4.1088290e+03	
   4.1092425e+03	
   4.1088169e+03	
   4.1092350e+03	
   4.1088177e+03	
   4.1092354e+03	
   4.1087999e+03	
   4.1092155e+03	
   4.1087904e+03	
   4.1092067e+03	
   4.1087781e+03	
   4.1091971e+03	
   4.1087797e+03	
   4.1091927e+03	
   4.1087665e+03	
   4.1091787e+03	
   4.1087496e+03	
   4.1091686e+03	
   4.1087502e+03	
   4.1091765e+03	
   4.1088313e+03	
   4.1091669e+03	
   4.1088360e+03	
   4.1091584e+03	
   4.1088294e+03	
   4.1091625e+03	
   4.1088334e+03	
   4.1091631e+03	
   4.1088355e+03	
   4.1091662e+03	
   4.1088330e+03	
   4.1091645e+03	
   4.1088260e+03	
   4.1091531e+03	
   4.1088138e+03	
   4.1092596e+03	
   4.1088116e+03	
   4.1092448e+03	
   4.1087900e+03	
   4.1092302e+03	
   4.1087799e+03	
   4.1092078e+03	
   4.1087517e+03	
   4.1094331e+03	
   4.1087359e+03	
   4.1091881e+03	
   4.1087345e+03	
   4.1091839e+03	
   4.1087092e+03	
   4.1091786e+03	
   4.1087237e+03	
   4.1091898e+03	
   4.1087176e+03	
   4.1091934e+03	
   4.1087335e+03	
   4.1092021e+03	
   4.1087296e+03	
   4.1091968e+03	
   4.1087181e+03	
   4.1091895e+03	
   4.1087212e+03	
   4.1091936e+03	
   4.1087280e+03	
   4.1091921e+03	
   4.1086991e+03	
   4.1091605e+03	
   4.1086890e+03	
   4.1091605e+03	
   4.1086812e+03	
   4.1091536e+03	
   4.1086754e+03	
   4.1091436e+03	
   4.1086677e+03	
   4.1091336e+03	
   4.1086477e+03	
   4.1091175e+03	
   4.1086477e+03	
   4.1091084e+03	
   4.1086252e+03	
   4.1090910e+03	
   4.1086167e+03	
   4.1090849e+03	
   4.1086101e+03	
   4.1090825e+03	
   4.1086085e+03	
   4.1090771e+03	
   4.1086075e+03	
   4.1090870e+03	
   4.1086005e+03	
   4.1090677e+03	
   4.1086001e+03	
   4.1090721e+03	
   4.1085843e+03	
   4.1090492e+03	
   4.1085627e+03	
   4.1090229e+03	
   4.1085490e+03	
   4.1090165e+03	
   4.1085457e+03	
   4.1090115e+03	
   4.1085272e+03	
   4.1089876e+03	
   4.1085053e+03	
   4.1089737e+03	
   4.1085049e+03	
   4.1089804e+03	
   4.1084995e+03	
   4.1089817e+03	
   4.1084949e+03	
   4.1089630e+03	
   4.1084848e+03	
   4.1089677e+03	
   4.1084786e+03	
   4.1089577e+03	
   4.1084792e+03	
   4.1089612e+03	
   4.1084757e+03	
   4.1089537e+03	
   4.1084746e+03	
   4.1089535e+03	
   4.1084732e+03	
   4.1089511e+03	
   4.1084682e+03	
   4.1089409e+03	
   4.1084596e+03	
   4.1089292e+03	
   4.1084461e+03	
   4.1086804e+03	
   4.1084447e+03	
   4.1086758e+03	
   4.1084433e+03	
   4.1086599e+03	
   4.1084293e+03	
   4.1086553e+03	
   4.1084192e+03	
   4.1086442e+03	
   4.1084023e+03	
   4.1086293e+03	
   4.1083886e+03	
   4.1086286e+03	
   4.1083940e+03	
   4.1086177e+03	
   4.1083783e+03	
   4.1086108e+03	
   4.1083702e+03	
   4.1085898e+03	
   4.1083463e+03	
   4.1085811e+03	
   4.1083465e+03	
   4.1085677e+03	
   4.1083339e+03	
   4.1085672e+03	
   4.1083337e+03	
   4.1085778e+03	
   4.1083343e+03	
   4.1085688e+03	
   4.1083363e+03	
   4.1085690e+03	
   4.1083253e+03	
   4.1085574e+03	
   4.1083099e+03	
   4.1085495e+03	
   4.1083038e+03	
   4.1085427e+03	
   4.1082978e+03	
   4.1085385e+03	
   4.1082939e+03	
   4.1085327e+03	
   4.1082920e+03	
   4.1085387e+03	
   4.1082804e+03	
   4.1085086e+03	
   4.1082675e+03	
   4.1085058e+03	
   4.1082478e+03	
   4.1084935e+03	
   4.1082498e+03	
   4.1084869e+03	
   4.1082354e+03	
   4.1084717e+03	
   4.1082236e+03	
   4.1084630e+03	
   4.1082142e+03	
   4.1084489e+03	
   4.1082184e+03	
   4.1084632e+03	
   4.1082026e+03	
   4.1084394e+03	
   4.1081899e+03	
   4.1084292e+03	
   4.1082483e+03	
   4.1084232e+03	
   4.1082342e+03	
   4.1084220e+03	
   4.1082343e+03	
   4.1084079e+03	
   4.1082331e+03	
   4.1083343e+03	
   4.1082320e+03	
   4.1083305e+03	
   4.1082251e+03	
   4.1083186e+03	
   4.1082159e+03	
   4.1083191e+03	
   4.1082151e+03	
   4.1083162e+03	
   4.1082049e+03	
   4.1083119e+03	
   4.1083614e+03	
   4.1083128e+03	
   4.1083562e+03	
   4.1082910e+03	
   4.1083424e+03	
   4.1082841e+03	
   4.1083312e+03	
   4.1082681e+03	
   4.1083141e+03	
   4.1082576e+03	
   4.1083194e+03	
   4.1082631e+03	
   4.1083143e+03	
   4.1082634e+03	
   4.1083186e+03	
   4.1082596e+03	
   4.1083094e+03	
   4.1082544e+03	
   4.1082216e+03	
   4.1082303e+03	
   4.1082191e+03	
   4.1082341e+03	
   4.1082064e+03	
   4.1082153e+03	
   4.1081991e+03	
   4.1082112e+03	
   4.1081879e+03	
   4.1081916e+03	
   4.1081792e+03	
   4.1081947e+03	
   4.1081758e+03	
   4.1081858e+03	
   4.1081585e+03	
   4.1081822e+03	
   4.1081663e+03	
   4.1081741e+03	
   4.1081502e+03	
   4.1081519e+03	
   4.1081402e+03	
   4.1081439e+03	
   4.1077575e+03	
   4.1081392e+03	
   4.1077508e+03	
   4.1081361e+03	
   4.1077432e+03	
   4.1079291e+03	
   4.1077454e+03	
   4.1079282e+03	
   4.1077342e+03	
   4.1079232e+03	
   4.1077328e+03	
   4.1079015e+03	
   4.1077201e+03	
   4.1078969e+03	
   4.1076945e+03	
   4.1078716e+03	
   4.1076869e+03	
   4.1078745e+03	
   4.1076914e+03	
   4.1078747e+03	
   4.1076801e+03	
   4.1080462e+03	
   4.1076823e+03	
   4.1080359e+03	
   4.1076618e+03	
   4.1080356e+03	
   4.1076550e+03	
   4.1080125e+03	
   4.1076332e+03	
   4.1079969e+03	
   4.1076246e+03	
   4.1079928e+03	
   4.1076146e+03	
   4.1079942e+03	
   4.1076219e+03	
   4.1080018e+03	
   4.1076237e+03	
   4.1079902e+03	
   4.1076147e+03	
   4.1079034e+03	
   4.1076013e+03	
   4.1078920e+03	
   4.1075837e+03	
   4.1078786e+03	
   4.1075727e+03	
   4.1078669e+03	
   4.1075709e+03	
   4.1076904e+03	
   4.1075682e+03	
   4.1076864e+03	
   4.1075700e+03	
   4.1076999e+03	
   4.1075774e+03	
   4.1077031e+03	
   4.1075701e+03	
   4.1076914e+03	
   4.1075565e+03	
   4.1076754e+03	
   4.1075428e+03	
   4.1076723e+03	
   4.1075357e+03	
   4.1076703e+03	
   4.1075395e+03	
   4.1076565e+03	
   4.1075195e+03	
   4.1075488e+03	
   4.1075128e+03	
   4.1075432e+03	
   4.1075002e+03	
   4.1075340e+03	
   4.1074940e+03	
   4.1075248e+03	
   4.1074834e+03	
   4.1075188e+03	
   4.1075415e+03	
   4.1075150e+03	
   4.1075317e+03	
   4.1075072e+03	
   4.1075291e+03	
   4.1075053e+03	
   4.1075225e+03	
   4.1074896e+03	
   4.1075089e+03	
   4.1074888e+03	
   4.1074967e+03	
   4.1074753e+03	
   4.1075117e+03	
   4.1074730e+03	
   4.1074888e+03	
   4.1074513e+03	
   4.1074906e+03	
   4.1074601e+03	
   4.1075119e+03	
   4.1074735e+03	
   4.1075076e+03	
   4.1074692e+03	
   4.1075025e+03	
   4.1074578e+03	
   4.1074892e+03	
   4.1074457e+03	
   4.1073154e+03	
   4.1074318e+03	
   4.1073220e+03	
   4.1074184e+03	
   4.1073129e+03	
   4.1074245e+03	
   4.1073098e+03	
   4.1074111e+03	
   4.1073114e+03	
   4.1074153e+03	
   4.1073030e+03	
   4.1074114e+03	
   4.1072906e+03	
   4.1073930e+03	
   4.1072681e+03	
   4.1073685e+03	
   4.1072471e+03	
   4.1073450e+03	
   4.1070230e+03	
   4.1073438e+03	
   4.1070347e+03	
   4.1073546e+03	
   4.1070451e+03	
   4.1073595e+03	
   4.1070238e+03	
   4.1073642e+03	
   4.1070319e+03	
   4.1073740e+03	
   4.1070369e+03	
   4.1073691e+03	
   4.1070263e+03	
   4.1073630e+03	
   4.1070182e+03	
   4.1073508e+03	
   4.1070238e+03	
   4.1073532e+03	
   4.1070227e+03	
   4.1073509e+03	
   4.1070139e+03	
   4.1073454e+03	
   4.1070123e+03	
   4.1073490e+03	
   4.1070205e+03	
   4.1073437e+03	
   4.1070163e+03	
   4.1073437e+03	
   4.1070090e+03	
   4.1073347e+03	
   4.1070059e+03	
   4.1073410e+03	
   4.1069775e+03	
   4.1073277e+03	
   4.1069729e+03	
   4.1073297e+03	
   4.1069802e+03	
   4.1073267e+03	
   4.1069643e+03	
   4.1073221e+03	
   4.1069741e+03	
   4.1073310e+03	
   4.1069855e+03	
   4.1073418e+03	
   4.1069832e+03	
   4.1073205e+03	
   4.1070019e+03	
   4.1073029e+03	
   4.1069764e+03	
   4.1072868e+03	
   4.1069827e+03	
   4.1072939e+03	
   4.1069927e+03	
   4.1072910e+03	
   4.1069786e+03	
   4.1072859e+03	
   4.1069828e+03	
   4.1072859e+03	
   4.1069753e+03	
   4.1072768e+03	
   4.1069763e+03	
   4.1072794e+03	
   4.1069660e+03	
   4.1072664e+03	
   4.1069539e+03	
   4.1072562e+03	
   4.1069361e+03	
   4.1072388e+03	
   4.1069348e+03	
   4.1072323e+03	
   4.1069305e+03	
   4.1072304e+03	
   4.1069154e+03	
   4.1072226e+03	
   4.1069092e+03	
   4.1072107e+03	
   4.1068975e+03	
   4.1071841e+03	
   4.1068902e+03	
   4.1071764e+03	
   4.1068842e+03	
   4.1071772e+03	
   4.1068802e+03	
   4.1071698e+03	
   4.1068802e+03	
   4.1071691e+03	
   4.1068798e+03	
   4.1071265e+03	
   4.1068873e+03	
   4.1071298e+03	
   4.1068890e+03	
   4.1069529e+03	
   4.1068819e+03	
   4.1069431e+03	
   4.1068754e+03	
   4.1069517e+03	
   4.1068821e+03	
   4.1069572e+03	
   4.1068773e+03	
   4.1069645e+03	
   4.1068899e+03	
   4.1069704e+03	
   4.1069467e+03	
   4.1069642e+03	
   4.1069348e+03	
   4.1069555e+03	
   4.1069373e+03	
   4.1069559e+03	
   4.1069398e+03	
   4.1069553e+03	
   4.1069396e+03	
   4.1069513e+03	
   4.1069294e+03	
   4.1069458e+03	
   4.1069255e+03	
   4.1069465e+03	
   4.1069197e+03	
   4.1069369e+03	
   4.1069173e+03	
   4.1069449e+03	
   4.1069133e+03	
   4.1069326e+03	
   4.1069027e+03	
   4.1069196e+03	
   4.1068972e+03	
   4.1069128e+03	
   4.1068979e+03	
   4.1069064e+03	
   4.1068798e+03	
   4.1068942e+03	
   4.1068740e+03	
   4.1068826e+03	
   4.1068637e+03	
   4.1068867e+03	
   4.1068676e+03	
   4.1068950e+03	
   4.1068554e+03	
   4.1068683e+03	
   4.1068462e+03	
   4.1068193e+03	
   4.1068407e+03	
   4.1068142e+03	
   4.1068427e+03	
   4.1068075e+03	
   4.1068374e+03	
   4.1068058e+03	
   4.1068307e+03	
   4.1068067e+03	
   4.1068354e+03	
   4.1068085e+03	
   4.1068291e+03	
   4.1068106e+03	
   4.1068283e+03	
   4.1066498e+03	
   4.1068121e+03	
   4.1066362e+03	
   4.1068096e+03	
   4.1066381e+03	
   4.1068092e+03	
   4.1066333e+03	
   4.1068042e+03	
   4.1066231e+03	
   4.1067974e+03	
   4.1066205e+03	
   4.1067902e+03	
   4.1066183e+03	
   4.1067847e+03	
   4.1066044e+03	
   4.1067778e+03	
   4.1066096e+03	
   4.1067674e+03	
   4.1065930e+03	
   4.1067528e+03	
   4.1065800e+03	
   4.1067617e+03	
   4.1065887e+03	
   4.1067480e+03	
   4.1065694e+03	
   4.1067425e+03	
   4.1065753e+03	
   4.1067130e+03	
   4.1065730e+03	
   4.1067069e+03	
   4.1065772e+03	
   4.1067054e+03	
   4.1065656e+03	
   4.1066965e+03	
   4.1065622e+03	
   4.1066983e+03	
   4.1065598e+03	
   4.1066992e+03	
   4.1065713e+03	
   4.1067048e+03	
   4.1065590e+03	
   4.1066940e+03	
   4.1064765e+03	
   4.1066964e+03	
   4.1064912e+03	
   4.1066988e+03	
   4.1064739e+03	
   4.1066789e+03	
   4.1064522e+03	
   4.1066599e+03	
   4.1064389e+03	
   4.1066586e+03	
   4.1064483e+03	
   4.1066632e+03	
   4.1065154e+03	
   4.1066568e+03	
   4.1065198e+03	
   4.1066547e+03	
   4.1065060e+03	
   4.1066514e+03	
   4.1065153e+03	
   4.1065567e+03	
   4.1065074e+03	
   4.1065600e+03	
   4.1065149e+03	
   4.1065698e+03	
   4.1065227e+03	
   4.1065759e+03	
   4.1065272e+03	
   4.1065782e+03	
   4.1065304e+03	
   4.1065785e+03	
   4.1065250e+03	
   4.1065714e+03	
   4.1065223e+03	
   4.1065729e+03	
   4.1065136e+03	
   4.1065544e+03	
   4.1064951e+03	
   4.1065547e+03	
   4.1064952e+03	
   4.1065522e+03	
   4.1066236e+03	
   4.1066708e+03	
   4.1066088e+03	
   4.1067595e+03	
   4.1066079e+03	
   4.1067701e+03	
   4.1066127e+03	
   4.1067664e+03	
   4.1066113e+03	
   4.1067630e+03	
   4.1064508e+03	
   4.1067610e+03	
   4.1064559e+03	
   4.1067537e+03	
   4.1064476e+03	
   4.1067416e+03	
   4.1064285e+03	
   4.1067370e+03	
   4.1064299e+03	
   4.1067296e+03	
   4.1064233e+03	
   4.1067291e+03	
   4.1064243e+03	
   4.1067268e+03	
   4.1064052e+03	
   4.1067090e+03	
   4.1063898e+03	
   4.1066956e+03	
   4.1063825e+03	
   4.1066830e+03	
   4.1063860e+03	
   4.1066906e+03	
   4.1063832e+03	
   4.1066873e+03	
   4.1063743e+03	
   4.1066752e+03	
   4.1063678e+03	
   4.1066721e+03	
   4.1063603e+03	
   4.1066634e+03	
   4.1063541e+03	
   4.1066574e+03	
   4.1063436e+03	
   4.1066432e+03	
   4.1063274e+03	
   4.1066300e+03	
   4.1063212e+03	
   4.1066204e+03	
   4.1063180e+03	
   4.1066191e+03	
   4.1063034e+03	
   4.1066053e+03	
   4.1062924e+03	
   4.1066049e+03	
   4.1062924e+03	
   4.1065919e+03	
   4.1062945e+03	
   4.1066105e+03	
   4.1063053e+03	
   4.1066110e+03	
   4.1062987e+03	
   4.1065308e+03	
   4.1062906e+03	
   4.1065106e+03	
   4.1062854e+03	
   4.1065011e+03	
   4.1062757e+03	
   4.1065017e+03	
   4.1062656e+03	
   4.1064976e+03	
   4.1062553e+03	
   4.1064921e+03	
   4.1062615e+03	
   4.1064933e+03	
   4.1062645e+03	
   4.1065007e+03	
   4.1062581e+03	
   4.1064914e+03	
   4.1062552e+03	
   4.1064877e+03	
   4.1062508e+03	
   4.1064807e+03	
   4.1062399e+03	
   4.1063871e+03	
   4.1062383e+03	
   4.1063809e+03	
   4.1062287e+03	
   4.1063736e+03	
   4.1062200e+03	
   4.1063655e+03	
   4.1062509e+03	
   4.1063652e+03	
   4.1062455e+03	
   4.1063696e+03	
   4.1062487e+03	
   4.1063694e+03	
   4.1062592e+03	
   4.1063739e+03	
   4.1062390e+03	
   4.1063563e+03	
   4.1062484e+03	
   4.1063757e+03	
   4.1062524e+03	
   4.1063634e+03	
   4.1062378e+03	
   4.1063555e+03	
   4.1062369e+03	
   4.1063531e+03	
   4.1062289e+03	
   4.1063398e+03	
   4.1062164e+03	
   4.1063290e+03	
   4.1062068e+03	
   4.1063221e+03	
   4.1062008e+03	
   4.1063107e+03	
   4.1061871e+03	
   4.1063059e+03	
   4.1061784e+03	
   4.1062971e+03	
   4.1061780e+03	
   4.1062964e+03	
   4.1061754e+03	
   4.1062901e+03	
   4.1061690e+03	
   4.1062907e+03	
   4.1061673e+03	
   4.1062832e+03	
   4.1061568e+03	
   4.1062695e+03	
   4.1061463e+03	
   4.1062624e+03	
   4.1061430e+03	
   4.1062971e+03	
   4.1061305e+03	
   4.1062843e+03	
   4.1061176e+03	
   4.1062836e+03	
   4.1061335e+03	
   4.1062957e+03	
   4.1059678e+03	
   4.1062914e+03	
   4.1059704e+03	
   4.1062866e+03	
   4.1059680e+03	
   4.1062942e+03	
   4.1059699e+03	
   4.1062845e+03	
   4.1059618e+03	
   4.1062752e+03	
   4.1059550e+03	
   4.1062749e+03	
   4.1059512e+03	
   4.1062711e+03	
   4.1059394e+03	
   4.1062655e+03	
   4.1059436e+03	
   4.1059657e+03	
   4.1059428e+03	
   4.1059480e+03	
   4.1059293e+03	
   4.1059560e+03	
   4.1059330e+03	
   4.1059561e+03	
   4.1059320e+03	
   4.1059489e+03	
   4.1059308e+03	
   4.1059451e+03	
   4.1059200e+03	
   4.1059273e+03	
   4.1059038e+03	
   4.1059255e+03	
   4.1059027e+03	
   4.1059309e+03	
   4.1059026e+03	
   4.1059201e+03	
   4.1059005e+03	
   4.1059104e+03	
   4.1058840e+03	
   4.1059122e+03	
   4.1058858e+03	
   4.1059063e+03	
   4.1058774e+03	
   4.1058889e+03	
   4.1058654e+03	
   4.1058853e+03	
   4.1058565e+03	
   4.1058676e+03	
   4.1058431e+03	
   4.1058713e+03	
   4.1058524e+03	
   4.1058626e+03	
   4.1058353e+03	
   4.1058554e+03	
   4.1058230e+03	
   4.1058456e+03	
   4.1058243e+03	
   4.1058560e+03	
   4.1058282e+03	
   4.1058418e+03	
   4.1058189e+03	
   4.1058417e+03	
   4.1058165e+03	
   4.1058367e+03	
   4.1058082e+03	
   4.1058207e+03	
   4.1057914e+03	
   4.1057974e+03	
   4.1057771e+03	
   4.1057952e+03	
   4.1057640e+03	
   4.1057873e+03	
   4.1057615e+03	
   4.1057868e+03	
   4.1057607e+03	
   4.1057888e+03	
   4.1057613e+03	
   4.1057731e+03	
   4.1057470e+03	
   4.1057688e+03	
   4.1057467e+03	
   4.1057574e+03	
   4.1057370e+03	
   4.1057519e+03	
   4.1057320e+03	
   4.1057542e+03	
   4.1057218e+03	
   4.1057385e+03	
   4.1057117e+03	
   4.1057363e+03	
   4.1057071e+03	
   4.1057302e+03	
   4.1057033e+03	
   4.1057156e+03	
   4.1056908e+03	
   4.1057093e+03	
   4.1056864e+03	
   4.1057017e+03	
   4.1056719e+03	
   4.1056989e+03	
   4.1056839e+03	
   4.1056946e+03	
   4.1056719e+03	
   4.1056915e+03	
   4.1056718e+03	
   4.1056916e+03	
   4.1056584e+03	
   4.1056784e+03	
   4.1056504e+03	
   4.1055357e+03	
   4.1056596e+03	
   4.1055421e+03	
   4.1058399e+03	
   4.1055517e+03	
   4.1058422e+03	
   4.1055378e+03	
   4.1058430e+03	
   4.1055550e+03	
   4.1058519e+03	
   4.1055484e+03	
   4.1057350e+03	
   4.1055620e+03	
   4.1057430e+03	
   4.1055735e+03	
   4.1057345e+03	
   4.1055692e+03	
   4.1057420e+03	
   4.1055767e+03	
   4.1057750e+03	
   4.1055905e+03	
   4.1057705e+03	
   4.1055914e+03	
   4.1057737e+03	
   4.1055924e+03	
   4.1057792e+03	
   4.1055899e+03	
   4.1057783e+03	
   4.1055843e+03	
   4.1057811e+03	
   4.1055809e+03	
   4.1057711e+03	
   4.1055758e+03	
   4.1057716e+03	
   4.1055856e+03	
   4.1057741e+03	
   4.1055867e+03	
   4.1057686e+03	
   4.1055641e+03	
   4.1057543e+03	
   4.1055659e+03	
   4.1057470e+03	
   4.1055523e+03	
   4.1057368e+03	
   4.1055458e+03	
   4.1057363e+03	
   4.1055312e+03	
   4.1057171e+03	
   4.1055110e+03	
   4.1056991e+03	
   4.1055129e+03	
   4.1057057e+03	
   4.1055153e+03	
   4.1057169e+03	
   4.1055229e+03	
   4.1057127e+03	
   4.1055284e+03	
   4.1057172e+03	
   4.1055206e+03	
   4.1055820e+03	
   4.1054967e+03	
   4.1055681e+03	
   4.1054919e+03	
   4.1055688e+03	
   4.1054840e+03	
   4.1055614e+03	
   4.1054794e+03	
   4.1055617e+03	
   4.1054817e+03	
   4.1055628e+03	
   4.1054897e+03	
   4.1055676e+03	
   4.1054916e+03	
   4.1055735e+03	
   4.1054816e+03	
   4.1055595e+03	
   4.1054740e+03	
   4.1055430e+03	
   4.1054639e+03	
   4.1055369e+03	
   4.1054421e+03	
   4.1055085e+03	
   4.1054420e+03	
   4.1055106e+03	
   4.1054534e+03	
   4.1055186e+03	
   4.1054546e+03	
   4.1055209e+03	
   4.1054550e+03	
   4.1055271e+03	
   4.1054692e+03	
   4.1055392e+03	
   4.1054713e+03	
   4.1055325e+03	
   4.1054588e+03	
   4.1055264e+03	
   4.1054446e+03	
   4.1055145e+03	
   4.1054456e+03	
   4.1055189e+03	
   4.1054337e+03	
   4.1055021e+03	
   4.1054267e+03	
   4.1054900e+03	
   4.1054300e+03	
   4.1054995e+03	
   4.1054284e+03	
   4.1054938e+03	
   4.1054229e+03	
   4.1054964e+03	
   4.1054296e+03	
   4.1054912e+03	
   4.1054125e+03	
   4.1054767e+03	
   4.1053924e+03	
   4.1054736e+03	
   4.1053977e+03	
   4.1054678e+03	
   4.1054033e+03	
   4.1054657e+03	
   4.1053920e+03	
   4.1054533e+03	
   4.1053782e+03	
   4.1054335e+03	
   4.1053588e+03	
   4.1054325e+03	
   4.1053610e+03	
   4.1053744e+03	
   4.1053457e+03	
   4.1053789e+03	
   4.1053505e+03	
   4.1053728e+03	
   4.1053677e+03	
   4.1053626e+03	
   4.1053514e+03	
   4.1053606e+03	
   4.1053566e+03	
   4.1053535e+03	
   4.1053419e+03	
   4.1053365e+03	
   4.1050104e+03	
   4.1053335e+03	
   4.1049967e+03	
   4.1053210e+03	
   4.1049953e+03	
   4.1053176e+03	
